Q0KBD2	Q9M0B6	29.224	219	127	9	1	203	88	294	8.31e-11	59.7
D4GYH5	Q68VX0	35.616	438	259	9	1	426	1	427	3.91e-85	264
P9WQC7	P41682	35.106	376	229	8	1	370	8	374	1.92e-71	225
Q94AX4	P0AEP9	29.371	429	289	7	146	566	56	478	3.38e-53	186
B8MKR3	F4G5A4	31.515	330	205	7	141	468	46	356	3.29e-37	138
Q9HDX8	Q6CSY3	33.705	448	248	10	17	421	16	457	2.49e-73	237
Q7SGY1	Q6CSY3	33.696	552	264	16	33	517	9	525	5.63e-100	310
A0A5N1I561	F4G5A4	35.735	347	217	4	21	362	13	358	1.12e-67	216
Q8NRY8	Q69BK0	27.778	162	94	5	62	213	62	210	0.029	33.9
P56954	Q5HLN0	25.670	448	281	15	7	420	9	438	1.48e-18	85.1
Q8SR40	P26172	56.667	30	13	0	56	85	3	32	0.029	34.3
Q02550	Q0SS32	29.787	188	111	11	24	205	20	192	1.20e-06	47.4
S2DJ52	Q886E0	34.694	49	30	1	4	52	262	308	0.017	34.7
P52074	Q8PVW3	24.279	416	250	18	22	404	21	404	8.59e-15	72.8
Q55GI5	Q4QKP6	25.581	129	85	6	27	150	265	387	0.032	33.9
D4GPK6	Q65R35	29.703	101	63	5	32	130	52	146	0.56	30.0
D4APX3	Q01537	26.744	86	41	4	119	192	99	174	0.82	29.6
P43310	P11344	23.944	213	110	10	219	398	207	400	0.17	32.0
O81755	O48677	33.828	337	186	3	65	399	19	320	2.06e-59	193
P38013	Q2VYJ0	30.303	66	40	3	28	92	70	130	1.3	26.6
Q9S3V0	Q39161	26.316	57	42	0	401	457	141	197	2.4	29.3
Q46508	Q37373	29.924	264	159	7	1	246	1	256	3.66e-25	107
E7FHF8	Q2S3N1	28.571	84	44	4	152	229	55	128	0.18	29.3
E7FHU4	A8LS61	28.070	57	33	2	97	152	11	60	0.15	30.4
P31883	Q3BUS4	33.333	39	26	0	96	134	121	159	0.32	30.8
P31884	Q9AHG1	32.609	46	31	0	305	350	294	339	7.9	25.8
P29166	Q37373	25.121	207	143	6	6	208	8	206	3.35e-07	50.4
Q60338	Q6P6V1	40.909	44	24	1	97	140	167	208	0.45	30.0
Q8U2E4	Q15YQ1	25.000	196	123	6	69	245	213	403	6.76e-13	65.9
P19496	Q8U4K6	21.951	82	60	1	121	198	246	327	1.0	28.9
P0ACE0	Q83PH4	26.190	84	62	0	137	220	145	228	0.21	31.6
P13063	A2S6J8	27.481	131	71	5	113	241	137	245	0.70	28.9
P13065	Q4R4P9	41.463	41	22	2	213	253	313	351	0.87	29.6
Q9HPU7	Q0HVY6	34.146	41	27	0	161	201	6	46	0.17	30.8
Q9HZ00	P63228	28.261	46	33	0	231	276	139	184	0.31	29.3
Q9S3U6	Q75FG2	25.000	84	47	4	65	144	67	138	0.78	28.5
P47177	Q8KCW4	47.222	36	19	0	267	302	338	373	0.051	33.1
Q12723	Q8KCW4	37.838	37	23	0	8	44	34	70	0.46	29.6
Q9SVS8	Q3I411	34.604	341	206	7	21	348	14	350	2.96e-70	221
Q8RWR1	Q5B681	26.829	82	56	2	28	105	572	653	3.0	27.3
A3KP59	B5BH54	28.319	113	65	7	189	290	477	584	0.95	29.6
Q84BZ3	Q60A55	26.712	146	89	7	50	188	26	160	0.012	35.0
Q9KMY3	Q5AZB4	24.896	241	160	6	155	380	64	298	5.42e-10	57.4
O85674	Q9VEZ5	24.194	62	45	1	31	90	642	703	1.1	26.9
O52380	A0A5D0EMF2	36.508	63	31	3	9	67	55	112	0.024	31.6
A0A0E4AFG7	A1TFU9	29.589	365	208	13	10	346	5	348	4.54e-26	105
O52379	Q82JR3	39.024	41	21	2	18	55	88	127	4.2	26.9
Q4L1M7	A5VL03	42.308	26	15	0	61	86	118	143	1.6	28.5
Q6Q272	C4RPA1	24.631	203	134	6	36	220	21	222	8.83e-06	45.1
B8QHP5	Q9C788	25.835	449	245	13	93	487	75	489	9.96e-31	122
C4B644	A0A3Q7HS74	26.068	234	141	7	196	400	243	473	2.89e-13	68.6
O31250	Q6KID5	28.750	80	51	2	113	186	64	143	0.29	29.6
O17446	Q5F5A9	32.000	50	33	1	315	364	303	351	0.69	29.6
P18459	P71156	29.167	72	50	1	288	358	196	267	0.75	29.6
O17554	I1RFM2	25.373	134	81	5	138	264	177	298	0.63	29.6
O01404	Q9HTE9	42.857	35	20	0	1	35	184	218	0.63	29.3
Q9ZUN4	P07920	47.557	307	146	4	11	304	4	308	3.88e-107	312
Q95XM2	A8FYW7	33.333	36	24	0	132	167	371	406	4.4	26.2
Q00024	P11344	38.000	50	29	1	247	296	353	400	0.003	37.7
C7FF04	P11344	22.594	239	118	12	90	306	207	400	0.002	37.7
A7BHQ9	P11344	23.529	238	107	9	91	297	207	400	6.28e-04	40.0
F7J186	Q60A55	35.514	107	61	3	108	212	5	105	1.76e-12	65.9
G5EGA5	Q55230	26.347	334	221	12	12	338	9	324	1.56e-22	94.7
F7J187	Q60A55	25.490	204	113	8	83	266	6	190	5.56e-11	61.2
A5JZ19	P0CN10	35.238	315	164	12	33	333	23	311	2.02e-47	161
A5JZ19	P0CN10	36.364	132	68	5	211	340	24	141	1.29e-13	68.6
Q8SV71	Q556G4	42.909	275	146	4	14	278	20	293	2.57e-61	194
Q8SV71	Q556G4	37.069	116	73	0	153	268	13	128	1.82e-22	92.4
Q21988	Q9EQ76	41.026	39	23	0	350	388	1	39	0.004	37.7
O94727	P78588	23.361	488	284	16	110	564	235	665	1.12e-18	87.0
Q17574	A0A2U1KZS6	32.927	328	187	10	369	681	400	709	2.83e-38	149
Q17574	A0A2U1KZS6	30.921	152	98	1	6	150	106	257	1.28e-13	71.6
P30341	P09622	32.391	460	296	11	9	458	43	497	1.42e-68	225
P25320	P07229	50.000	172	83	1	4	172	3	174	2.82e-60	182
Q9ZR07	B2SYY3	33.333	42	28	0	61	102	120	161	2.2	26.2
P41822	P07229	36.585	164	100	2	46	209	13	172	1.13e-21	85.1
Q5NPM9	A4YJP9	44.569	267	131	2	5	254	2	268	1.36e-67	207
Q7UJD7	B8GNX3	42.804	271	146	5	9	277	3	266	4.15e-66	204
Q3ACY8	B8HRK9	44.569	267	140	4	4	262	9	275	5.66e-77	232
A6Q367	P25814	28.358	67	41	3	374	438	5	66	0.39	29.3
Q196Z5	P50620	23.290	614	383	15	33	602	119	688	2.12e-30	124
Q6GZT8	Q9CBQ0	23.960	601	314	16	37	537	145	702	8.85e-33	130
D7REY4	P52574	29.091	55	37	1	96	148	15	69	0.35	29.3
D7REY3	F2Z9C1	24.211	95	65	3	274	361	262	356	0.24	32.0
Q72S57	B2VH04	44.695	311	159	6	4	307	2	306	2.92e-83	251
O67625	B3E441	47.482	278	142	2	4	281	3	276	2.90e-85	254
Q2GDX3	Q7NS59	44.702	302	162	4	3	301	5	304	7.23e-90	268
Q5NP65	P9WIQ1	24.510	102	59	3	6	105	12	97	0.031	33.5
Q9WZJ0	A3PF64	27.419	62	41	1	9	70	439	496	0.38	28.9
F7ZDR3	Q7CKM4	38.162	359	190	4	16	343	22	379	1.10e-81	252
Q3Z8V0	A6KZV1	39.474	38	23	0	111	148	44	81	0.049	31.2
B1XWQ5	Q1QNQ1	43.953	339	189	1	24	362	4	341	3.58e-101	300
P48360	Q180W5	25.000	104	70	3	62	157	116	219	0.037	33.9
B3QXR3	A1BHP4	41.824	318	181	4	11	325	13	329	4.42e-86	261
P51754	A5EQ82	21.751	377	244	14	84	440	73	418	2.15e-05	43.9
Q9AKT4	P71156	51.292	271	130	2	5	273	1	271	8.55e-90	266
P20620	A2BVK6	22.556	399	249	16	55	425	19	385	7.71e-07	48.9
Q0WSF1	Q56R04	31.288	489	313	12	51	529	13	488	4.76e-63	213
Q9Y9J2	A4WN38	33.140	344	217	9	1	340	3	337	2.08e-35	132
Q8CUN2	A7GSF4	47.826	345	178	2	3	346	2	345	1.14e-122	354
A0A2H4HHY6	A8EX78	32.653	49	32	1	391	438	183	231	3.1	27.7
Q54970	P0AEP7	25.134	561	378	12	4	534	2	550	2.88e-48	175
P37063	P0AEP7	26.268	552	379	12	16	544	9	555	8.76e-54	190
Q8F6S7	Q8FYF7	44.713	993	456	20	9	918	21	1003	0.0	798
Q54JE4	Q8FYF7	45.339	1019	464	18	47	1006	19	1003	0.0	856
P9WIS3	Q1XDM0	31.548	336	194	8	38	347	20	345	1.11e-47	162
Q56303	Q51739	38.065	620	352	13	1	607	1	601	3.84e-116	357
O28249	O58411	26.842	190	115	5	9	192	8	179	5.74e-08	48.1
Q9YBX7	Q985Y3	31.343	67	46	0	527	593	506	572	0.030	34.7
Q4J6M3	Q21WX8	41.667	36	18	2	88	123	58	90	0.21	31.6
P0DPF0	Q84DC3	38.263	426	256	4	9	431	9	430	2.39e-98	299
Q4J6M6	B3EX35	41.026	39	22	1	94	132	322	359	0.25	30.0
E1JIB2	Q4UKN9	22.302	139	85	5	62	187	88	216	3.9	26.2
Q9K864	B1WN69	19.444	288	196	11	61	340	50	309	7.10e-06	44.7
Q9XAP2	Q826T2	23.256	86	62	1	204	289	188	269	0.030	33.5
L7WGA7	P55073	35.776	232	100	3	52	282	107	290	2.47e-39	137
Q6AJ55	B1ICI9	37.049	305	178	5	5	306	4	297	4.70e-58	186
Q9V6U9	Q9Z311	50.746	335	157	4	24	355	44	373	8.21e-110	323
A5IK84	A8FD19	36.630	273	155	8	2	261	9	276	1.54e-49	163
Q96329	P15651	29.947	374	254	5	51	417	29	401	1.80e-48	168
P32397	P46882	34.426	61	34	2	3	63	37	91	0.012	35.4
O62140	Q9Y7B1	28.521	568	360	12	110	641	111	668	2.01e-72	246
B3DX48	Q02PL5	41.194	335	172	6	5	324	3	327	1.15e-74	231
P08065	P44894	34.336	565	344	11	27	579	31	580	3.64e-84	272
P32747	B7KZJ5	38.315	368	189	5	67	433	8	338	4.29e-76	239
Q4KCY6	P15651	31.635	373	242	3	6	378	47	406	1.65e-55	185
O54143	P15651	35.676	370	232	5	12	377	36	403	1.64e-64	209
Q5W271	P15651	28.324	346	246	1	34	379	63	406	5.41e-40	144
Q9YFI6	A8FD19	36.842	304	187	4	7	306	2	304	1.48e-60	192
Q5BLE8	Q6CZB1	50.000	42	20	1	62	102	8	49	2.55e-05	44.3
B2GCE0	P44894	28.155	309	152	15	321	614	161	414	1.43e-18	86.7
Q06401	P09622	47.368	38	20	0	7	44	43	80	0.001	39.3
Q5L9Q6	Q9JY18	29.897	97	59	3	2	89	3	99	0.007	35.0
Q5L9Q6	Q9JY18	48.000	25	12	1	264	287	141	165	4.0	26.2
O27054	Q9X1X6	35.772	246	144	4	17	256	4	241	8.14e-39	133
Q53199	P39633	37.143	350	180	10	11	349	45	365	4.06e-64	210
Q9X8N8	Q97K95	38.693	398	227	7	17	413	3	384	5.93e-96	297
Q9KDJ5	Q97K95	37.685	406	225	12	1	389	1	395	1.50e-81	258
Q8XQG4	Q97K95	37.056	394	232	6	12	400	2	384	3.73e-87	273
B0R5Y6	A0AIF0	37.991	458	256	10	1	440	1	448	1.62e-97	297
Q6MEJ2	B8FT31	48.098	447	228	4	1	445	1	445	3.88e-146	421
B9KZ42	B8FT31	50.897	446	216	3	1	445	1	444	4.41e-156	447
Q5V3R2	B7IPB4	32.075	53	36	0	45	97	262	314	2.6	25.8
O06835	Q7CS24	38.060	134	75	5	12	141	21	150	1.26e-15	68.2
Q6Q271	Q7CS24	44.898	147	79	2	18	164	24	168	7.14e-29	106
O43029	A5GW63	21.196	184	110	6	188	341	24	202	0.25	30.8
Q9SJA7	O65403	52.632	38	18	0	2	39	37	74	1.87e-04	40.8
Q18006	P0A9P0	42.105	38	20	1	1	36	1	38	0.020	34.3
Q72IB8	Q8RMG1	48.352	273	140	1	33	305	29	300	1.38e-84	254
Q9RW55	Q8RMG1	47.670	279	141	2	31	309	28	301	3.56e-87	261
O45228	O43272	45.539	538	276	5	59	591	53	578	1.31e-168	491
Q933N0	Q87A73	41.860	43	22	1	745	787	244	283	0.52	30.8
Q57661	Q7CKM4	28.037	107	47	4	125	201	182	288	1.29e-06	46.2
Q8PVV3	Q8PV16	35.294	51	26	2	153	201	176	221	0.034	32.0
P9WHH5	Q6CZB1	44.156	462	252	4	3	460	8	467	1.41e-134	394
Q12746	Q5AZB4	38.217	314	169	5	14	312	7	310	1.24e-70	219
P16603	A0A2U1KZS6	30.236	721	424	26	1	691	38	709	4.25e-86	283
P36587	A0A2U1KZS6	32.625	659	364	23	50	678	101	709	2.22e-89	291
Q58065	A5IRE8	28.640	419	286	8	14	428	15	424	4.57e-54	184
P37061	A5IRE8	25.556	450	311	9	2	442	3	437	1.84e-38	142
Q97K92	Q50497	32.000	375	232	11	2	360	4	371	3.31e-51	174
Q9RYU4	B9M4V3	36.715	207	114	6	5	199	1	202	5.64e-36	122
O29904	B9M4V3	43.284	201	100	4	3	190	2	201	1.30e-51	162
O43090	M1BYJ7	34.483	377	232	6	44	411	2	372	4.13e-70	233
O43090	M1BYJ7	26.712	146	79	4	409	551	457	577	1.66e-10	60.8
O94467	B7ITF9	40.503	358	189	7	31	387	3	337	3.77e-79	245
B8N8Q9	Q928C2	41.689	367	175	8	33	396	2	332	4.15e-76	237
A7IDY1	Q47G91	41.500	200	112	2	4	203	3	197	9.54e-43	140
Q4KF31	Q63CP4	29.245	212	145	3	1	211	1	208	7.42e-31	110
Q0C3K3	Q47G91	43.500	200	106	3	3	199	2	197	1.95e-49	157
Q72EF3	P50620	35.135	37	23	1	420	456	36	71	0.37	30.8
Q54LT2	P78609	32.770	296	181	5	3	282	4	297	4.02e-45	152
O74409	P78609	43.667	300	159	3	4	296	2	298	6.70e-79	239
Q8X1D8	P15651	24.928	349	228	12	56	403	78	393	1.52e-18	84.7
I3R9M9	P46923	22.034	472	275	20	476	918	340	747	2.28e-11	65.1
I3R9M9	P46923	25.965	285	158	11	119	367	46	313	1.07e-08	56.6
P42177	P11350	37.037	216	132	4	9	222	11	224	9.66e-40	134
Q94734	P14804	40.625	32	18	1	16	46	323	354	1.2	27.3
Q6PQK2	A5WFD0	42.424	33	16	1	63	95	350	379	0.84	27.7
I3R637	Q39161	34.791	526	298	14	18	524	77	576	3.96e-85	274
Q19892	Q802F2	31.944	144	98	0	70	213	37	180	2.90e-26	97.8
Q9PR71	O66790	31.169	308	204	3	3	305	10	314	1.92e-45	154
O32214	A9MF16	41.597	601	334	6	9	605	12	599	8.78e-166	483
A4VND8	Q20YH9	26.316	76	50	2	216	286	283	357	1.4	27.7
D5WYQ5	C7Z9Z4	29.730	74	46	2	144	213	22	93	0.75	28.1
Q4FQB7	Q6MTX5	28.736	87	49	4	56	134	127	208	1.5	27.7
P27882	Q8KIX2	25.352	71	51	1	98	168	104	172	0.86	27.7
O14144	Q5F5A9	35.135	37	24	0	10	46	502	538	0.85	27.7
I6Y8I5	Q5LUP4	39.535	43	23	1	171	210	4	46	6.0	25.4
Q2S5G4	B2IA30	34.802	227	138	6	17	238	13	234	4.37e-37	128
P40029	Q8VS50	32.716	162	94	5	19	174	48	200	1.93e-23	90.1
Q98PE5	Q8VS50	34.416	154	91	4	10	155	53	204	1.40e-23	89.7
B7JBP8	M1BYJ7	24.024	333	209	11	3	306	57	374	1.03e-11	63.9
Q54DK1	P95200	27.826	115	65	4	46	150	16	122	3.44e-04	40.0
O67931	M1BYJ7	27.108	166	100	5	3	155	56	213	9.87e-10	57.8
Q8TLB2	Q8PVW3	26.882	93	56	3	12	97	165	252	0.019	33.9
Q8TLB0	P0A9P0	38.776	49	30	0	137	185	1	49	0.006	37.0
O33998	Q39161	27.778	126	77	8	109	231	407	521	0.012	35.0
Q59109	Q606Y5	38.462	39	22	1	284	320	30	68	1.2	28.5
Q67QZ1	Q46RX3	40.882	839	401	13	1	753	1	830	0.0	623
P81186	Q46RX3	36.842	836	440	16	1	754	1	830	2.10e-175	521
P58383	Q0P3K2	41.806	720	303	17	33	644	18	729	4.87e-175	513
Q9XQV2	Q0P3K2	50.448	781	303	15	20	776	9	729	0.0	726
Q6AL30	B9DID6	40.252	159	89	1	1	153	1	159	6.52e-35	117
B4RSU6	A1SV95	49.008	353	176	1	5	357	3	351	2.78e-122	355
E0VLV0	C0NUP2	35.350	314	157	10	125	395	168	478	4.99e-51	177
Q8RDM3	A6TEU1	38.079	302	184	3	1	301	5	304	3.68e-78	238
Q9Y7B6	A0RBZ2	47.232	271	141	2	66	336	3	271	6.95e-85	256
Q9UUK7	Q6G9Z7	27.407	135	88	4	69	203	60	184	7.74e-06	42.7
P18823	P56293	62.069	203	76	1	388	589	90	292	7.80e-79	252
C0QVX1	Q8THL2	46.557	305	160	3	2	305	6	308	2.76e-99	294
Q9LD43	Q3A585	48.544	309	157	2	98	405	5	312	1.50e-102	316
Q44243	Q2FZ20	33.333	63	30	2	114	172	17	71	1.00	29.3
Q56207	Q9ABE7	32.653	49	26	1	157	205	67	108	0.32	30.0
P9WJQ4	Q626I0	26.230	61	45	0	191	251	25	85	0.13	31.6
Q4JT09	A1T3R3	42.662	586	279	11	6	585	10	544	4.20e-127	382
O53554	P27696	24.237	557	339	21	2	506	12	537	4.80e-09	55.8
Q7VBN8	Q5KVX6	28.450	587	365	20	8	573	20	572	7.24e-53	187
Q6C7G2	P32209	22.819	149	98	5	5	143	18	159	2.8	27.3
Q5AGV7	Q5PNZ1	30.769	130	79	3	41	164	97	221	7.83e-15	73.2
A9NFF0	Q97DA2	46.440	323	148	5	6	308	4	321	8.55e-102	299
P59794	A1W023	36.975	238	149	1	1	237	1	238	1.38e-63	196
Q4L2X9	O52325	21.154	208	133	8	2	206	238	417	1.3	27.3
D3EBC1	B0TCR1	47.441	508	258	6	1	506	1	501	1.89e-166	478
P24118	B3DY05	47.059	34	17	1	318	350	47	80	0.046	33.5
Q8F8T4	B0TCR1	35.459	392	234	8	42	427	7	385	1.55e-59	199
O82383	D4Q9Z4	26.380	489	315	17	7	466	11	483	7.95e-42	152
A5FUL0	Q1QVG7	39.193	347	197	7	9	349	9	347	5.25e-55	182
Q9VUT6	Q6P6V1	35.363	509	279	16	94	572	118	606	1.02e-89	286
Q74N90	Q9HNT1	33.333	423	251	12	1	394	1	421	1.99e-78	248
Q9RX68	A9VYY9	35.789	190	116	2	1	190	1	184	7.26e-34	117
A1RWC3	Q5FVR2	29.950	404	251	11	91	464	33	434	4.73e-43	156
Q6L2Z8	Q99040	22.816	206	104	9	192	365	12	194	4.52e-05	43.5
Q2RTZ1	Q8G5L0	26.882	93	44	3	256	345	277	348	0.63	30.4
Q2S498	Q02751	22.831	219	110	10	196	380	13	206	5.22e-04	40.4
B1L6Z7	B9JAP1	27.500	200	125	8	51	232	71	268	2.28e-09	54.7
O28088	Q6AY53	27.914	326	197	8	2	292	30	352	5.36e-33	122
Q9L091	Q2JQS1	32.993	294	164	10	254	522	27	312	2.62e-31	120
Q47XB7	B4TMR6	43.978	357	180	5	2	357	9	346	2.43e-103	306
E1V7V7	Q9A3Q9	32.706	425	272	7	33	456	27	438	4.17e-73	234
Q55CQ6	P10658	44.932	365	191	4	9	369	6	364	7.18e-118	344
B2KEC4	Q8ZN19	47.458	236	123	1	5	240	6	240	3.46e-69	210
Q4FLS6	Q5NLS8	47.368	228	118	1	3	230	6	231	2.30e-72	219
B0SBH6	Q8ZN19	34.400	250	147	4	4	253	6	238	2.02e-42	142
Q6AJM2	Q87LT4	32.000	175	117	2	3	177	5	177	7.17e-24	91.3
A8ZZH7	Q92F54	43.200	250	141	1	1	250	1	249	5.45e-74	223
O27995	B7IDE2	30.114	176	112	6	1	166	1	175	1.80e-10	58.2
Q9C7T7	Q9M0G7	36.148	971	572	16	28	963	24	981	0.0	566
P10447	P27446	44.342	433	227	9	13	435	85	513	1.38e-125	372
O76997	Q62371	39.519	291	150	5	510	782	569	851	1.07e-60	218
Q54MH0	Q16566	41.259	286	149	3	186	471	33	299	8.01e-69	231
O30245	Q87T74	26.804	97	67	3	165	257	112	208	5.40e-05	40.8
Q8MYF1	P12688	47.222	324	170	1	123	446	342	664	1.15e-106	328
A2CI35	A2VDU3	27.068	266	158	15	666	917	37	280	4.64e-15	76.6
P08018	P31938	42.812	320	135	4	358	638	66	376	4.10e-80	257
P10506	P31938	38.583	381	173	6	5	333	3	374	1.05e-86	264
A7N6S2	Q2FY80	26.744	258	126	8	180	410	359	580	1.17e-13	71.2
Q9I4F8	Q2FY80	24.473	237	156	10	227	445	348	579	3.83e-11	62.4
P27896	Q7WZY5	26.396	197	136	5	361	553	150	341	3.38e-13	68.6
B2TIE4	Q6HPT7	38.123	341	198	6	1	333	11	346	9.68e-77	237
Q0AUE7	Q6HPT7	47.309	353	183	2	1	353	1	350	8.96e-116	337
C4KZS5	Q6HPT7	46.974	347	179	1	1	342	3	349	2.83e-106	313
Q8TUX2	A6L013	40.234	256	139	3	1	246	5	256	1.24e-57	181
Q4A0M9	B7JLY5	40.079	252	143	5	2	251	3	248	3.46e-47	155
Q9PQL2	Q2II25	34.307	411	248	8	7	413	4	396	5.12e-77	242
P45597	O27190	31.579	285	158	10	449	714	413	679	3.24e-20	93.2
P23388	O27190	31.667	300	159	11	436	710	401	679	1.01e-20	94.7
P32670	O27190	26.102	295	172	9	290	563	413	682	4.30e-14	73.6
P34093	Q50KA8	54.000	150	67	1	71	218	3	152	4.87e-56	172
Q7NBV1	B8G2Q5	37.557	221	132	2	9	223	6	226	1.99e-47	154
P9WG70	Q2FSV9	33.981	206	125	3	43	248	21	215	2.18e-19	84.3
Q9HN88	Q9CHB8	28.859	298	191	8	2	281	8	302	3.52e-30	113
Q9PQV0	Q9CHB8	48.014	277	137	3	9	283	8	279	5.93e-85	256
Q8U2A9	A1U2M9	40.541	37	20	1	115	151	56	90	0.053	31.6
P29785	Q9CNV8	31.034	203	131	4	35	231	34	233	1.37e-22	91.3
A1U5G5	B5BG15	43.210	405	185	8	1	365	1	400	1.13e-96	291
P47658	A1UFA4	34.483	58	34	1	10	63	35	92	0.002	38.1
Q5ZV56	Q6AYS4	32.500	40	20	1	124	163	218	250	0.34	29.3
O34753	A0R211	37.134	307	154	9	27	299	55	356	1.08e-49	169
Q11T75	P96618	35.938	128	70	2	1	126	1	118	4.74e-18	71.6
Q1DAT6	Q8R8W3	50.000	318	155	3	11	328	6	319	1.52e-99	295
O62461	Q8R8W3	31.755	359	198	9	20	356	3	336	8.37e-41	144
P37213	O27190	25.739	812	399	29	1	770	30	679	3.42e-27	115
O34599	C6DBJ1	43.947	380	204	6	4	378	5	380	8.86e-100	299
B8J0C6	A7GFJ9	40.278	288	171	1	23	310	32	318	2.64e-75	231
Q9YEW8	Q8NW49	32.086	374	235	10	1	367	1	362	1.18e-50	172
F1QYJ6	Q91ZS8	48.000	25	12	1	57	80	606	630	4.0	26.6
Q8NET6	Q7NCU0	41.463	41	17	3	23	56	157	197	3.3	26.9
Q9GZX3	O88199	36.798	356	213	6	31	379	117	467	1.10e-69	224
Q8VPF2	Q68XE8	26.984	63	45	1	106	168	398	459	1.6	27.3
Q8VPF3	Q49Z13	26.415	106	65	3	4	109	90	182	1.9	27.3
Q59112	Q88EH0	39.286	28	17	0	51	78	881	908	0.29	30.0
Q3ACX5	A6VLD6	39.062	448	237	12	6	433	11	442	3.84e-94	288
Q6MLC6	Q1QV24	40.406	443	254	6	19	452	1	442	3.42e-121	358
Q24W37	A6VLD6	39.560	455	236	13	7	441	7	442	6.22e-100	303
Q08IS0	Q3ZZC9	34.146	41	24	1	148	185	226	266	0.15	30.4
D7A6E5	Q46WY4	23.881	67	45	2	104	169	87	148	2.5	26.6
Q9K4M4	Q2JUM6	26.667	165	113	3	18	175	221	384	0.32	29.6
Q1R084	Q4ZYK5	43.343	353	194	3	10	356	11	363	4.38e-97	290
Q0BZB0	Q31V36	45.233	451	237	5	3	447	7	453	3.26e-106	321
Q7VI68	Q31V36	39.309	463	260	7	2	450	6	461	1.71e-89	277
P22862	Q2NQH6	26.894	264	174	10	11	269	3	252	1.36e-16	74.7
A7LCJ2	D2X8K2	39.130	115	60	4	46	155	2	111	5.82e-17	69.7
P0DP54	D2X8K2	36.975	119	70	3	29	142	1	119	1.36e-18	73.9
Q9FDL4	Q8UIM4	47.238	525	251	7	9	524	2	509	8.01e-140	412
P38207	A4TIM4	30.769	52	35	1	5	55	604	655	0.11	32.3
Q6F1D5	Q8EQ44	32.662	447	252	7	1	401	1	444	2.16e-79	249
Q74H36	A2QMS4	26.042	96	55	2	28	123	155	234	1.8	28.5
Q2RY11	Q886N9	35.088	57	35	2	399	453	34	90	1.4	28.5
Q1CW50	Q1GV79	33.333	84	45	2	326	409	41	113	0.39	30.8
Q6AJF4	P53528	33.333	60	39	1	222	280	642	701	0.016	34.7
A0KXU5	P53528	25.806	62	46	0	240	301	643	704	0.20	31.2
Q5GZ75	B2JHG8	33.929	56	35	1	129	182	134	189	0.095	31.6
A6VVZ9	B5R5L1	45.174	259	131	6	1	256	1	251	2.40e-61	191
Q54CM0	Q20390	35.906	298	171	7	1	279	1	297	7.52e-52	169
Q2RP80	Q8DIF1	46.032	252	133	2	6	256	3	252	2.07e-74	224
P50195	Q53638	38.462	39	22	1	39	75	24	62	1.1	27.7
P34719	Q75FG2	28.571	63	43	1	56	116	30	92	0.76	28.1
Q58391	A8LN46	25.333	75	48	2	65	133	374	446	0.20	30.0
Q75WF2	Q2IYK4	38.462	39	22	1	292	330	224	260	0.35	30.0
Q17778	Q86U44	24.051	79	59	1	211	288	190	268	1.5	28.1
C0QIZ3	B7JIL4	36.190	105	66	1	8	111	3	107	2.37e-16	67.0
A4J9S4	P25814	37.383	107	61	3	1	104	1	104	1.11e-18	72.8
A0LWX2	A1TI29	40.708	113	66	1	1	112	1	113	1.17e-20	78.2
O13819	Q5R8X2	30.769	26	18	0	328	353	90	115	5.7	26.6
O82656	Q5I137	25.000	208	127	7	132	323	92	286	1.75e-11	61.6
Q9FLI3	Q9LNP9	41.994	331	162	6	102	412	182	502	1.39e-69	226
P46344	A0A0H3GGY3	41.783	718	388	7	12	705	4	715	0.0	580
Q02158	Q62GV8	28.947	76	47	2	73	141	108	183	0.060	33.9
Q9RGS8	A7ZKW9	37.209	43	23	2	637	675	251	293	1.5	29.3
Q9I4L1	A5GSE0	27.586	116	73	3	13	128	101	205	0.66	29.6
Q9I5I9	A5IBE7	45.455	22	12	0	162	183	47	68	0.52	30.4
O67012	P44644	38.032	681	370	12	60	694	69	743	1.56e-153	460
P74007	P44644	39.568	695	388	15	81	757	63	743	1.23e-166	496
O34098	P44644	31.972	710	426	15	60	747	69	743	1.94e-108	344
Q97VT7	Q5FUH8	43.750	32	14	1	218	245	65	96	4.2	26.2
P0A434	A8AXW1	33.333	30	20	0	291	320	124	153	2.8	26.9
Q2SHM4	Q6GDS2	25.217	115	75	4	136	243	180	290	0.33	29.6
Q88YN8	Q8Z202	24.390	246	148	9	2	222	6	238	2.42e-04	38.9
Q38V12	B8DBN0	26.374	91	63	3	112	202	98	184	0.001	36.2
Q4JBJ3	Q8K3X3	23.492	315	189	12	4	314	27	293	7.19e-06	45.1
O08342	P28623	34.550	411	213	14	5	399	2	372	2.30e-68	222
Q5AW25	Q5U2N0	25.424	118	76	3	37	150	199	308	0.49	31.2
Q9X108	O86960	25.229	218	147	8	1	206	4	217	3.40e-04	40.0
Q9FHE9	Q8XU90	25.000	88	62	3	60	143	100	187	0.41	29.6
P0DW60	A0A0E0SP71	28.916	83	55	3	233	313	31	111	0.46	30.4
P67657	C4L559	28.980	245	152	4	3	246	1	224	2.72e-32	115
Q0IIS3	G5EBI4	41.463	287	160	6	77	360	121	402	5.67e-72	227
O94544	Q9MB33	30.303	66	37	3	403	466	259	317	0.46	30.4
P45743	B0SW60	25.000	164	94	6	29	166	21	181	1.17e-05	43.1
A0MTQ2	Q57842	37.500	24	15	0	98	121	318	341	1.2	28.5
Q52VH2	Q7YTB0	22.628	137	85	5	69	185	466	601	1.6	28.1
P37893	B7V612	24.706	85	47	3	456	539	72	140	0.40	31.2
O14124	B0Y7Q2	25.882	85	54	2	113	189	502	585	0.22	31.2
Q2S6U2	Q8EKR8	38.228	429	261	2	6	431	8	435	1.16e-99	302
M1VV65	P54855	37.931	29	18	0	50	78	256	284	1.5	28.5
P59825	B8ZNT8	29.316	614	349	17	64	615	167	757	2.15e-63	220
Q82MI6	B8ZNT8	26.135	639	378	18	58	635	151	756	3.66e-49	181
O35010	Q9JUE0	29.070	86	57	2	166	249	405	488	0.69	28.9
Q6Q4G4	C4L7S5	27.273	77	53	2	318	391	51	127	0.43	30.4
E6R6G5	C4JTD3	38.552	511	250	10	54	551	35	494	9.05e-117	361
D4ASE6	A1CUJ5	44.383	543	242	9	1	484	1	542	3.04e-171	491
Q6FTM9	E7NHF8	39.390	721	360	16	23	703	27	710	4.45e-145	439
Q3T905	Q89A59	26.957	115	69	5	192	297	115	223	1.6	28.1
P50848	A7SCH8	44.828	29	16	0	188	216	379	407	0.40	30.4
Q9HTZ1	Q1GVM0	30.556	72	49	1	44	115	345	415	0.039	32.7
Q9RX25	A4W870	42.529	174	91	3	1	171	1	168	1.30e-39	133
Q8ENE4	Q735N6	38.579	197	119	2	1	195	1	197	3.23e-48	154
Q56W64	A1AVQ7	30.645	62	31	3	83	133	219	279	3.5	26.6
P0DOK0	A9VR36	40.580	69	34	4	140	205	218	282	1.1	30.0
Q2HRB6	Q72VI6	41.463	41	21	1	8	48	96	133	0.47	30.4
Q4A696	B0TFI9	43.582	631	313	6	246	875	183	771	2.19e-169	510
P36184	O35186	36.533	323	182	7	2	302	6	327	3.34e-68	213
Q9I9L7	A1AXE0	25.287	87	50	3	39	113	781	864	1.9	28.1
Q504J1	A6QIQ6	34.884	43	20	1	171	213	67	101	0.71	28.9
Q9J7Z0	A8GF82	31.148	61	37	1	169	224	196	256	1.0	28.9
Q8NKW5	B8GV07	30.769	52	32	1	151	198	5	56	0.45	28.1
Q5A651	P00793	24.432	352	212	11	42	374	50	366	1.93e-16	77.8
Q46085	Q5LS56	37.736	53	26	2	921	973	61	106	0.028	35.0
P47154	O27726	28.571	49	31	1	220	268	8	52	2.1	27.3
G5EFD9	A8LL57	34.000	50	30	1	844	890	154	203	3.2	28.5
Q9XUV0	P30656	41.132	265	140	4	20	275	23	280	1.28e-62	196
Q8SR11	Q0W2D6	29.897	194	124	3	2	187	1	190	6.70e-24	91.7
B1L6S7	Q0W2D6	37.949	195	116	3	4	195	8	200	4.02e-45	146
Q72UH6	B1HTV3	48.848	217	111	0	1	217	1	217	3.38e-75	224
Q9F464	Q2QMN7	36.946	406	250	5	11	410	76	481	1.46e-73	235
Q75FT0	B2TLQ3	43.624	149	82	2	9	156	6	153	1.76e-34	116
C5CFQ7	P58080	39.952	413	236	7	1	401	1	413	2.02e-91	279
Q6MJP9	O31200	40.253	395	218	6	34	418	13	399	6.40e-89	273
Q5WBJ6	Q3AC01	29.018	448	278	11	2	437	1	420	1.62e-48	169
B9E7J8	Q893K6	33.229	319	194	6	2	301	6	324	1.52e-57	186
Q2ST29	A4STJ8	26.744	86	46	3	232	300	333	418	2.1	27.7
C4LSS0	B7NI01	26.984	189	112	7	91	278	119	282	3.32e-09	54.3
Q38WN0	C0ZCC7	48.634	183	90	3	8	189	8	187	5.78e-60	182
B5Y6R9	Q3A091	45.669	254	132	3	1	250	1	252	8.42e-74	224
P47718	P9WPH3	34.746	118	69	4	16	132	18	128	4.01e-15	64.7
P82605	Q03217	45.161	310	164	4	7	311	8	316	9.85e-95	283
P10045	Q03217	44.937	316	169	2	4	314	7	322	9.34e-93	279
Q6RWK4	Q03217	33.115	305	184	7	9	297	10	310	1.54e-49	166
A9NEX8	B1KFS0	46.473	241	127	2	1	239	1	241	1.71e-71	217
A8KRL3	A8H3E4	25.275	91	60	3	55	138	40	129	5.5	25.0
Q9WY68	Q8U4R3	40.063	317	180	8	2	312	14	326	2.70e-61	195
A8ABE2	B1Y9N2	36.145	166	97	4	4	166	11	170	3.13e-23	88.2
Q7VB43	B0C1T2	40.670	209	104	6	2	207	5	196	4.14e-48	154
Q568Q0	Q9SJC4	29.091	165	91	6	32	188	93	239	4.10e-08	51.2
Q6DRI7	Q8GY84	29.508	427	220	12	195	606	15	375	5.30e-46	167
Q9VL25	Q9BKQ8	39.515	701	383	14	6	686	23	702	2.85e-161	479
O14147	Q1WVI7	28.571	91	59	3	12	98	7	95	0.016	35.8
O15821	Q54431	30.664	512	308	12	1	486	1	491	3.70e-64	214
Q55BW0	Q4R379	37.791	172	104	3	1	172	12	180	2.09e-37	129
P31021	P61585	43.842	203	87	3	22	214	7	192	1.24e-55	173
Q715L4	Q27640	36.585	41	24	2	74	113	138	177	1.4	27.7
Q5DGJ1	A7SCH8	37.587	431	230	8	12	432	58	459	1.38e-96	295
Q54Q04	A7SCH8	46.341	451	222	7	9	448	14	455	1.01e-136	398
Q8U671	G5EBI4	25.472	106	75	2	30	131	127	232	5.86e-05	41.6
P64304	G5EBI4	23.264	288	193	6	14	281	117	396	1.58e-19	85.1
P22643	G5EBI4	30.435	115	78	2	34	148	127	239	7.87e-09	53.5
Q98A07	A4G060	21.591	352	230	15	48	369	48	383	1.77e-08	53.1
Q8TXD4	B3QM53	29.944	177	92	7	3	148	4	179	2.77e-11	56.2
Q8RGF2	A8MJ83	47.782	293	152	1	5	296	2	294	1.04e-93	277
Q54DA9	P0AEP7	22.136	515	343	16	1	497	4	478	2.24e-29	120
Q9V7Y2	A4G060	29.573	328	198	13	108	417	1	313	6.40e-36	135
O13940	Q07510	29.333	75	41	2	263	331	315	383	2.4	27.3
P0CL20	Q9DCU9	28.571	238	167	3	9	246	31	265	1.08e-26	104
Q9Z4W7	O25869	35.351	413	236	10	104	506	106	497	1.37e-71	234
Q609A0	Q2Y5S2	37.736	159	93	2	4	158	23	179	2.72e-26	95.9
Q9PHU4	Q0S0K2	36.772	378	189	9	2	333	3	376	7.56e-77	239
Q97L63	P32451	25.333	150	103	5	87	232	98	242	0.11	31.6
Q39055	Q0SS32	38.110	328	191	6	68	390	3	323	3.61e-68	216
Q485S0	C1KWN3	27.273	88	49	3	69	141	26	113	2.0	27.3
Q7URN0	Q48QG7	41.434	251	145	1	1	251	1	249	1.20e-59	188
O26666	Q65M66	34.529	223	123	7	4	205	18	238	1.53e-26	100
E3E7F9	P50933	42.308	52	20	2	400	441	89	140	0.14	31.6
A0A3D9VCI6	Q6CYN3	36.170	47	30	0	697	743	174	220	0.083	33.1
Q89YR9	Q835J5	39.583	48	24	1	630	672	318	365	3.7	27.7
D5SL78	E3VWJ0	36.306	314	193	5	2	309	3	315	5.29e-55	180
Q2S2D3	B3R7B8	46.197	355	174	6	12	358	6	351	6.38e-91	275
A9FZ87	D9XD61	25.312	320	228	3	18	326	7	326	1.11e-24	99.8
Q5NGY3	Q4ZM34	40.146	274	160	3	1	274	1	270	1.49e-76	231
Q67R59	P55045	44.118	272	151	1	1	272	1	271	1.30e-76	233
P53397	Q8CWX8	27.660	47	34	0	116	162	407	453	1.7	28.1
Q9HQD5	Q891Q1	41.923	520	283	6	6	521	7	511	1.89e-128	382
P33074	Q3BUL6	57.143	21	9	0	51	71	35	55	1.7	26.6
A0A8V1ABE9	B8J2K3	28.750	80	48	2	133	212	127	197	1.7	27.7
A0JMM9	B5BBA5	31.667	60	28	1	90	149	182	228	0.56	27.7
O13843	B5ZZ10	29.054	148	84	6	9	156	8	134	5.83e-16	69.3
P32459	B5ZZ10	25.828	151	85	5	9	158	10	134	1.45e-09	52.4
A5EXM4	A4XSW1	50.685	292	142	2	1	292	1	290	1.36e-93	276
Q2S3M1	A6LA57	42.182	275	159	0	4	278	3	277	1.40e-78	238
Q11VI2	A6LA57	48.699	269	137	1	6	273	8	276	4.88e-99	290
Q8TX58	A4VKC4	29.771	131	71	7	34	157	140	256	0.26	29.6
Q7V9H9	A7X5J1	24.227	194	111	10	33	214	24	193	0.001	37.0
Q8KFK8	Q0SS32	29.000	100	58	5	24	111	6	104	0.009	33.9
Q59829	P53780	34.513	339	204	5	58	383	122	455	1.63e-56	189
Q93QC6	Q5SHW0	33.978	362	215	11	14	368	9	353	3.29e-55	182
P14187	Q552W5	34.821	224	97	11	108	326	30	209	3.55e-33	120
P81296	Q5B3K6	44.206	233	122	5	11	239	50	278	6.89e-62	197
P59014	Q2NA95	54.054	148	68	0	2	149	3	150	2.42e-46	151
Q7M438	Q5B3K6	28.667	150	90	3	59	191	88	237	3.11e-16	73.9
C1F1C7	B7GF12	31.348	319	193	6	6	313	7	310	5.20e-45	153
Q8D226	Q7W515	36.842	323	199	2	3	321	34	355	1.54e-86	261
A9B546	B7GF12	40.909	308	172	6	1	302	1	304	1.77e-76	234
A1SD28	B8G2K7	38.987	395	232	2	1	387	1	394	2.41e-92	280
P61817	Q9M9H6	30.000	70	39	3	197	266	270	329	0.48	28.9
Q55451	B3CRQ1	26.882	93	45	4	139	208	133	225	0.28	30.4
Q8TY71	Q0W3B6	37.676	284	135	10	1	252	4	277	7.54e-44	148
Q97FV2	B6YS11	33.935	277	168	6	18	287	5	273	7.75e-47	157
A0Q5S7	Q9RKF7	20.408	196	145	4	98	287	99	289	5.59e-06	45.1
Q97WE5	Q4JCA7	38.284	303	177	4	1	293	1	303	4.19e-71	219
F8C4X8	Q9M0B6	41.411	326	169	7	5	310	91	414	1.31e-73	231
P75294	Q59072	37.255	51	31	1	186	236	288	337	0.10	31.2
Q55CV0	E3XA68	48.472	229	114	4	4	230	1	227	3.41e-71	214
C7RGH4	O67377	33.023	215	129	5	1	211	1	204	3.98e-26	102
D5SRZ4	O67377	36.596	235	119	7	20	252	3	209	3.42e-38	137
P0AEM0	O07046	29.710	138	94	3	9	146	7	141	1.23e-10	54.7
B8FA61	A5GF99	35.814	430	275	1	1	430	1	429	3.37e-87	270
Q1IRD7	A5GF99	30.238	420	286	6	20	436	8	423	7.18e-61	201
B2V7Q4	A1KSV1	36.683	199	118	5	3	197	6	200	3.24e-25	95.1
Q0ATJ7	P12289	45.146	206	111	1	5	208	9	214	2.36e-54	170
B5YGA0	B9KA57	49.849	331	161	2	5	335	6	331	6.24e-112	327
Q5WH45	B7IWE8	44.531	384	202	2	1	373	1	384	4.85e-112	330
O26154	A8EYM2	39.759	332	189	4	4	325	10	340	1.25e-76	236
Q9FHR8	P52046	32.685	257	159	4	17	272	11	254	1.06e-33	120
P00947	B8NXJ2	34.211	38	23	1	6	43	135	170	0.30	27.7
P32474	A4TRR6	23.810	105	62	4	388	483	490	585	0.11	32.3
Q86IA3	Q9P4X1	25.581	86	60	3	74	158	229	311	7.79e-04	38.5
Q86IA3	Q9P4X1	23.377	77	50	3	197	273	232	299	0.14	31.6
P34329	A4TRR6	34.247	73	42	2	512	579	490	561	6.81e-05	43.1
P34329	A4TRR6	31.646	79	42	5	56	125	498	573	0.67	30.0
P34329	A4TRR6	26.733	101	63	5	167	259	498	595	1.1	29.6
O43976	Q97C22	28.571	42	30	0	4	45	3	44	0.061	31.2
O06995	A3PNX3	28.313	166	104	6	1	159	1	158	3.83e-07	46.6
Q4FP74	C4K389	45.116	215	117	1	4	217	6	220	3.07e-65	200
Q1MPW7	A7GTE2	51.471	408	198	0	4	411	5	412	7.59e-155	442
Q8D3C8	B4S0D0	48.000	425	219	1	7	431	4	426	4.21e-159	453
Q8RFY7	A5D3M2	53.241	432	196	5	3	431	5	433	8.87e-168	476
Q51508	P9WFW8	45.320	203	107	3	261	460	167	368	3.83e-36	134
P23300	P9WFW8	40.070	287	161	4	115	391	86	371	8.21e-54	180
P0AEJ2	P9WFW8	39.394	330	182	7	72	390	48	370	9.09e-64	206
Q6FS81	Q9KTL4	25.397	189	104	8	5	161	2	185	8.72e-06	42.7
Q8TXJ7	C5BGI9	27.225	382	175	11	48	400	38	345	3.21e-16	76.6
A1RX33	Q6ING2	39.095	243	141	4	201	440	268	506	4.46e-46	164
P54974	Q7KWM5	36.170	47	23	2	318	360	125	168	0.34	30.0
Q59092	B9MRP4	21.429	420	294	12	17	423	26	422	3.28e-15	74.7
Q8A7J8	Q07585	33.333	63	31	3	344	396	280	341	0.85	29.3
A8QFF6	B2RYN7	50.000	336	153	5	114	446	249	572	2.14e-99	306
Q7WZ32	A9I685	39.033	538	313	6	2	538	3	526	2.16e-124	374
P59698	Q747C7	42.857	525	294	5	2	525	3	522	9.94e-144	422
Q58434	O29605	44.828	261	136	5	14	269	6	263	4.27e-62	214
Q58434	O29605	40.773	233	123	5	432	659	277	499	2.49e-42	159
A3MSA1	P0CQ87	32.231	121	71	6	290	403	398	514	8.50e-05	43.1
D5ECW5	P41513	46.988	830	398	8	12	803	7	832	0.0	715
Q9X9Q7	Q91571	37.500	32	20	0	10	41	665	696	1.1	27.3
B1L3E4	A4WLP0	36.432	667	348	23	4	632	2	630	1.82e-104	327
P61760	Q8Q054	38.899	527	285	13	356	864	290	797	2.98e-110	361
P61760	Q8Q054	42.793	222	118	6	2	219	32	248	1.92e-48	184
Q8R9C7	Q8CSY8	39.951	811	459	10	1	794	1	800	0.0	582
Q8EG64	Q71YZ5	26.100	341	191	14	200	531	112	400	1.32e-15	77.0
Q838K1	Q71YZ5	42.380	479	250	5	2	474	3	461	1.19e-134	394
P39518	Q4R4P9	24.587	606	383	19	166	738	160	724	8.39e-36	142
O54075	Q72LY9	34.906	106	63	2	309	408	516	621	6.14e-11	61.6
Q9USQ7	Q03101	35.714	42	23	1	481	518	298	339	0.35	31.2
B0R6W9	Q4JCP0	35.417	240	147	4	30	266	24	258	3.30e-43	145
I3R584	O27612	35.733	375	231	7	77	445	72	442	4.31e-71	229
Q3M5M3	C0PVN0	28.533	375	223	6	5	357	5	356	2.76e-47	162
Q73JN2	B2S3Q9	43.266	349	194	3	1	349	2	346	3.70e-109	322
Q4FPK6	Q4UKN9	43.450	458	252	5	9	460	14	470	3.14e-122	362
B4S0P6	A0Q635	32.075	212	118	5	1	205	1	193	1.20e-29	108
B7GHM4	B4RJZ8	37.017	181	101	5	1	174	1	175	1.03e-33	118
A1VY27	Q1GT35	32.961	179	106	6	5	173	6	180	4.81e-27	99.8
Q607F5	C5B7T0	39.901	406	221	10	20	415	22	414	6.36e-70	225
Q2GC97	Q1RGN9	31.959	194	124	3	26	215	20	209	1.55e-27	108
Q9KGH8	Q1RGN9	23.676	321	222	8	21	335	22	325	9.08e-16	76.3
P54420	P49094	29.648	398	232	11	1	384	1	364	1.99e-41	156
P54420	P49094	39.189	74	37	3	482	547	380	453	4.54e-04	40.4
O08317	Q8CXH8	41.598	363	193	4	2	352	3	358	9.95e-93	279
A8AC69	B2UZ05	34.066	182	117	2	4	183	6	186	3.03e-30	112
Q8RM04	A8AJX4	28.916	83	45	3	603	684	54	123	0.41	30.4
Q5P5G4	A1JP53	25.385	130	72	5	142	253	57	179	0.57	30.8
D3DJ41	Q212A9	21.277	329	212	12	23	327	9	314	4.51e-05	43.5
O28837	C3MU91	46.847	333	163	8	1	324	1	328	1.80e-95	284
A9F3W3	A7MT54	32.323	693	388	20	28	670	8	669	3.27e-87	284
Q4FPL3	A6WZR6	38.604	702	375	12	20	674	28	720	9.91e-175	513
Q9ZGE6	O24133	42.251	684	366	11	6	666	80	757	2.10e-171	506
O47478	Q4WHW0	42.105	19	11	0	33	51	41	59	5.4	24.6
Q34944	P49714	64.286	14	5	0	68	81	272	285	6.7	24.3
P48925	P0CY45	28.986	207	107	4	21	188	34	239	5.56e-19	79.3
B8H363	Q07VU4	31.420	331	212	6	96	421	85	405	3.14e-40	147
Q98QB7	P56294	34.483	406	228	7	20	403	36	425	1.19e-79	255
P52607	Q3SVJ1	30.415	434	276	12	21	432	8	437	1.81e-49	172
Q8KDT8	Q2RLE0	30.127	551	336	16	162	703	161	671	4.39e-51	187
Q8VNW3	Q2RLE0	45.352	710	330	11	26	726	18	678	0.0	531
Q8ZWI8	Q2RLE0	43.948	694	353	12	14	699	11	676	2.37e-165	489
H6LC28	Q9JVQ2	49.215	191	92	2	6	191	7	197	9.72e-56	172
H6LC29	Q9JVQ2	32.075	159	97	2	2	149	3	161	1.78e-16	71.6
Q67ZF6	A5D9A7	28.902	173	118	2	16	185	8	178	2.14e-22	89.7
B9DFX7	Q9R6X1	25.304	494	314	10	336	812	132	587	3.33e-32	131
Q6FFL0	P0A9X1	45.299	234	119	3	9	235	3	234	4.25e-67	206
P37278	Q9YH26	31.182	1007	553	23	21	925	44	1012	2.72e-129	412
Q3ISC1	Q2ISN3	38.750	240	126	3	1	224	1	235	1.47e-49	160
O66674	B8ITG7	38.961	77	42	3	1	73	4	79	2.91e-06	45.4
Q6NA00	Q10V16	37.759	241	133	5	23	254	3	235	3.53e-46	153
A6TUN0	Q81X26	44.355	620	329	4	18	629	6	617	0.0	540
Q85G35	B2UCW7	44.135	827	377	14	2	762	22	829	0.0	673
C0QZS7	A8G9T6	45.729	995	408	15	11	976	9	900	0.0	828
P42954	Q8ELQ6	25.532	235	139	4	5	220	2	219	4.26e-17	80.1
Q9WXX0	Q65E55	44.910	501	260	6	15	511	3	491	5.07e-145	423
Q831L8	Q7N6Z2	25.877	228	146	5	43	248	18	244	4.22e-18	82.8
Q9C8T1	Q478L3	37.368	190	114	3	15	201	6	193	3.60e-34	119
Q0A808	Q478L3	42.487	193	110	1	14	206	2	193	1.55e-39	133
Q28VL7	Q9KS33	41.753	194	113	0	19	212	37	230	4.94e-46	154
